boards (77, 105), 20000 trials per cell, alpha 0.05, seed 20260910
wrote power.csv, 120 cells

--- board 77 ---
under the null (lift 1.0):
  n2     p0  direction   fisher    trend
   4   0.05      0.186    0.011    0.060
   4    0.1      0.342    0.015    0.062
   4    0.2      0.513    0.020    0.064
   8   0.05      0.331    0.010    0.065
   8    0.1      0.449    0.018    0.061
   8    0.2      0.465    0.022    0.058
  15   0.05      0.416    0.008    0.050
  15    0.1      0.480    0.021    0.054
  15    0.2      0.481    0.022    0.055
  25   0.05      0.520    0.008    0.057
  25    0.1      0.516    0.018    0.054
  25    0.2      0.473    0.021    0.054

power at p0 = 0.10, board 77:
  n2  lift     p2  direction   fisher    trend
   4   1.5   0.15      0.477    0.035    0.134
   4   2.0    0.2      0.588    0.067    0.228
   4   3.0    0.3      0.757    0.149    0.458
   4   4.0    0.4      0.868    0.268    0.679
   8   1.5   0.15      0.603    0.049    0.141
   8   2.0    0.2      0.725    0.100    0.243
   8   3.0    0.3      0.883    0.268    0.516
   8   4.0    0.4      0.959    0.472    0.753
  15   1.5   0.15      0.666    0.066    0.140
  15   2.0    0.2      0.809    0.147    0.273
  15   3.0    0.3      0.946    0.392    0.578
  15   4.0    0.4      0.990    0.661    0.827
  25   1.5   0.15      0.714    0.069    0.147
  25   2.0    0.2      0.846    0.162    0.284
  25   3.0    0.3      0.967    0.444    0.604
  25   4.0    0.4      0.996    0.732    0.835

--- board 105 ---
under the null (lift 1.0):
  n2     p0  direction   fisher    trend
   5   0.05      0.222    0.014    0.059
   5    0.1      0.405    0.013    0.063
   5    0.2      0.468    0.021    0.057
  10   0.05      0.391    0.021    0.062
  10    0.1      0.476    0.025    0.061
  10    0.2      0.473    0.024    0.056
  21   0.05      0.455    0.012    0.049
  21    0.1      0.456    0.019    0.053
  21    0.2      0.473    0.026    0.054
  35   0.05      0.556    0.013    0.050
  35    0.1      0.530    0.022    0.050
  35    0.2      0.488    0.028    0.049

power at p0 = 0.10, board 105:
  n2  lift     p2  direction   fisher    trend
   5   1.5   0.15      0.560    0.037    0.150
   5   2.0    0.2      0.667    0.072    0.270
   5   3.0    0.3      0.826    0.184    0.541
   5   4.0    0.4      0.919    0.336    0.776
  10   1.5   0.15      0.647    0.072    0.156
  10   2.0    0.2      0.770    0.145    0.290
  10   3.0    0.3      0.919    0.352    0.598
  10   4.0    0.4      0.976    0.597    0.840
  21   1.5   0.15      0.685    0.088    0.166
  21   2.0    0.2      0.840    0.206    0.325
  21   3.0    0.3      0.969    0.540    0.685
  21   4.0    0.4      0.996    0.821    0.910
  35   1.5   0.15      0.763    0.091    0.165
  35   2.0    0.2      0.896    0.223    0.333
  35   3.0    0.3      0.986    0.608    0.706
  35   4.0    0.4      0.999    0.882    0.923
